-1.000000
0.000000
0.000002
0.000517
0.000000
0.000000
0.000004
0.004875
0.000000
0.000000
0.000012
0.012399
0.000000
0.000000
0.000039
0.074801
0.000000
0.000000
0.000607
0.010101
0.000000
0.000000
0.004405
-1.000000
0.000000
0.000000
0.000000
-1.000000
0.000000
0.000319
0.000000
-1.000000
0.000000
0.000002
0.000077
0.007436
0.000000
0.000003
0.000155
0.097035
0.000000
0.000001
0.000237
0.201081
0.000000
0.000003
0.000735
0.556544
0.000000
0.000000
0.000247
0.008772
0.000000
0.000000
0.000000
-1.000000
0.000000
0.000017
0.000263
0.299539
0.000000
0.000000
0.000000
0.850000
0.000000
0.000000
0.000002
0.000354
0.000000
0.000000
0.000025
0.004313
0.000000
0.000000
0.000010
0.012082
0.000000
0.000000
0.000064
0.053751
0.000000
0.000000
0.000000
-1.000000
0.000000
0.000000
0.000000
-1.000000
0.000000
0.000000
0.000000
-1.000000
0.000000
0.000000
-1.000000
-1.000000
0.000000
0.000000
0.000000
0.005015
0.000000
0.000000
0.000000
0.085714
0.000000
0.000000
0.000369
0.146026
0.000000
0.000037
0.000000
0.411111
0.000000
0.000000
0.000476
0.004444
0.000000
0.000000
0.000000
-1.000000
0.000000
0.000000
0.000854
0.176471
0.000000
0.000000
0.000000
-1.000000
0.000000
0.000000
0.000000
0.001898
0.000000
0.000000
0.000000
0.016667
0.000000
0.000000
0.000093
0.040984
0.000000
0.000000
0.000395
0.196721
0.000000
0.000000
0.000000
-1.000000
0.000000
0.000000
-1.000000
-1.000000
0.000000
0.000000
0.000000
-1.000000
0.000000
0.000000
-1.000000
-1.000000
0.000002
0.000000
0.000256
0.034615
0.000000
0.000099
0.000000
-1.000000
0.000000
0.000024
0.001134
0.253425
0.000000
0.000000
0.001859
-1.000000
0.000003
0.000092
0.000962
0.046083
0.000000
0.000000
0.000000
-1.000000
0.000000
0.000104
0.004637
0.378378
0.000029
0.000000
0.007519
0.942308
0.000002
0.000028
0.000685
0.038095
0.000000
0.000000
0.000000
-1.000000
0.000000
0.000000
0.000726
0.362319
0.000000
0.000000
0.003077
-1.000000
0.000000
0.000390
0.000000
-1.000000
0.000000
0.000000
-1.000000
-1.000000
0.000000
0.000000
0.000000
-1.000000
0.000000
0.000000
-1.000000
-1.000000
0.000004
0.000026
0.002288
0.086957
0.000000
0.000000
0.000000
-1.000000
0.000000
0.000039
0.001073
0.567114
0.000000
0.000060
0.001817
0.910714
0.000023
0.000420
0.005297
0.075688
0.000000
0.000000
0.000000
-1.000000
0.000000
0.000075
0.004700
0.604730
0.000000
0.000000
0.014535
0.964824
0.000000
0.000000
0.000000
0.000000
0.000000
0.000000
0.000000
0.000000
0.000000
0.000000
0.000000
0.052326
0.000000
0.000000
0.000000
0.083333
0.000000
0.000000
-1.000000
-1.000000
0.000000
-1.000000
-1.000000
-1.000000
0.000000
0.000000
-1.000000
-1.000000
0.000000
-1.000000
-1.000000
-1.000000
0.000000
0.000000
0.000000
-1.000000
0.000000
0.000000
0.000000
-1.000000
0.000000
0.000000
0.000000
-1.000000
0.000000
0.000000
0.000000
-1.000000
0.000000
0.000000
-1.000000
-1.000000
0.000000
0.000000
-1.000000
-1.000000
0.000000
0.000000
-1.000000
-1.000000
0.000000
0.000000
-1.000000
-1.000000
0.000000
0.000000
0.000000
-1.000000
0.000000
0.000000
0.000000
-1.000000
0.000000
0.000000
0.000000
-1.000000
0.000000
0.000000
0.000000
-1.000000
0.000000
-1.000000
-1.000000
-1.000000
0.000000
-1.000000
-1.000000
-1.000000
0.000000
-1.000000
-1.000000
-1.000000
0.000000
-1.000000
-1.000000
-1.000000
0.000000
0.000000
0.000000
-1.000000
0.000000
0.000000
-1.000000
-1.000000
0.000000
0.000000
0.000000
-1.000000
0.000000
0.000000
-1.000000
-1.000000
0.000000
0.000000
-1.000000
-1.000000
0.000000
-1.000000
-1.000000
-1.000000
0.000000
0.000000
-1.000000
-1.000000
0.000000
0.000000
-1.000000
-1.000000
0.000000
0.000000
0.000000
-1.000000
0.000000
0.000000
-1.000000
-1.000000
0.000000
0.000000
0.000000
-1.000000
0.000000
0.000000
-1.000000
-1.000000
0.000000
0.000000
-1.000000
-1.000000
0.000000
-1.000000
-1.000000
-1.000000
0.000000
-1.000000
-1.000000
-1.000000
0.000000
-1.000000
-1.000000
-1.000000
0.000095
0.000000
-1.000000
-1.000000
0.000000
0.000000
-1.000000
-1.000000
0.000000
0.000000
-1.000000
-1.000000
0.000000
0.000000
-1.000000
-1.000000
0.000000
0.000000
-1.000000
-1.000000
0.000000
-1.000000
-1.000000
-1.000000
0.000000
0.000000
-1.000000
-1.000000
0.000000
-1.000000
-1.000000
-1.000000
0.000000
0.000000
-1.000000
-1.000000
0.000000
0.000000
-1.000000
-1.000000
0.000000
0.000000
-1.000000
-1.000000
0.000000
0.000000
-1.000000
-1.000000
0.000000
0.000000
-1.000000
-1.000000
0.000000
-1.000000
-1.000000
-1.000000
0.000000
-1.000000
-1.000000
-1.000000
0.000000
-1.000000
-1.000000
-1.000000
0.000081
0.001361
0.016393
0.072727
0.000000
0.000000
-1.000000
-1.000000
0.000000
0.000000
-1.000000
-1.000000
0.000000
0.000000
-1.000000
-1.000000
0.000121
0.000000
0.000000
0.075949
0.000000
0.000000
-1.000000
-1.000000
0.000000
0.000000
-1.000000
-1.000000
0.000000
0.000000
-1.000000
-1.000000
0.000000
0.000000
0.000000
-1.000000
0.000000
0.000000
0.000000
-1.000000
0.000000
0.000000
0.000000
-1.000000
0.000000
0.000000
0.000000
-1.000000
0.000000
0.000000
-1.000000
-1.000000
0.000000
-1.000000
-1.000000
-1.000000
0.000000
-1.000000
-1.000000
-1.000000
0.000000
0.000000
-1.000000
-1.000000
0.000000
0.000000
-1.000000
-1.000000
0.000000
0.000000
-1.000000
-1.000000
0.000000
0.000000
0.000000
-1.000000
0.000000
0.000000
0.000000
-1.000000
0.000000
0.000000
-1.000000
-1.000000
0.000000
0.000000
-1.000000
-1.000000
0.000000
0.000000
-1.000000
-1.000000
0.000000
0.000000
-1.000000
-1.000000
0.000000
0.000000
0.000000
0.000000
0.000000
0.000000
0.000000
-1.000000
0.000000
0.000000
0.000000
-1.000000
0.000000
0.000000
0.000000
-1.000000
0.000000
0.000000
-1.000000
-1.000000
0.000000
-1.000000
-1.000000
-1.000000
0.000000
0.000000
-1.000000
-1.000000
0.000000
-1.000000
-1.000000
-1.000000
0.000000
0.000000
0.000000
-1.000000
0.000000
0.000000
-1.000000
-1.000000
0.000000
0.000000
0.000000
-1.000000
0.000000
0.000000
-1.000000
-1.000000
0.000000
0.000000
-1.000000
-1.000000
0.000000
0.000000
-1.000000
-1.000000
0.000000
0.000000
-1.000000
-1.000000
0.000000
0.000000
-1.000000
-1.000000
0.000000
0.000000
0.001626
-1.000000
0.000000
0.000000
0.000000
-1.000000
0.000000
0.000000
0.000000
-1.000000
0.000000
0.000000
0.011905
-1.000000
0.000000
0.000000
-1.000000
-1.000000
0.000000
0.000000
-1.000000
-1.000000
0.000000
0.000000
-1.000000
-1.000000
0.000000
0.000000
-1.000000
-1.000000
0.000052
0.000000
0.000000
0.040000
0.000000
0.000000
-1.000000
-1.000000
0.000000
0.000000
0.006993
-1.000000
0.000000
0.000000
0.033898
-1.000000
0.000025
0.000369
0.012346
-1.000000
0.000000
0.000000
-1.000000
-1.000000
0.000000
0.000000
0.000000
-1.000000
0.000000
0.000000
-1.000000
-1.000000
0.000074
0.000603
0.004566
0.193333
0.000000
0.000000
0.019608
-1.000000
0.000013
0.000000
0.023973
0.796296
0.000000
0.001245
0.060000
0.993151
0.000087
0.000555
0.014388
0.143713
0.000000
0.000000
-1.000000
-1.000000
0.000023
0.000196
0.022305
0.839286
0.000055
0.000782
0.013333
0.988439
0.000100
0.001173
0.023205
0.207802
0.000000
0.000000
0.041096
0.982456
0.000006
0.000156
0.015867
0.839704
0.000011
0.000406
0.041551
0.986928
0.000129
0.001242
0.020185
0.179547
0.000000
0.000296
0.044843
0.975000
0.000007
0.000336
0.019796
0.814947
0.000021
0.000552
0.071304
0.990780
0.000000
0.000000
-1.000000
-1.000000
0.000000
-1.000000
-1.000000
-1.000000
0.000000
-1.000000
-1.000000
-1.000000
0.000000
-1.000000
-1.000000
-1.000000
-1.000000
-1.000000
-1.000000
-1.000000
-1.000000
-1.000000
-1.000000
-1.000000
-1.000000
-1.000000
-1.000000
-1.000000
-1.000000
-1.000000
-1.000000
-1.000000
0.000000
-1.000000
-1.000000
-1.000000
-1.000000
-1.000000
-1.000000
-1.000000
-1.000000
-1.000000
-1.000000
-1.000000
-1.000000
-1.000000
-1.000000
-1.000000
0.000000
-1.000000
-1.000000
-1.000000
-1.000000
-1.000000
-1.000000
-1.000000
-1.000000
-1.000000
-1.000000
-1.000000
-1.000000
-1.000000
-1.000000
-1.000000
0.000000
0.000000
-1.000000
-1.000000
0.000000
-1.000000
-1.000000
-1.000000
0.000000
0.000000
-1.000000
-1.000000
0.000000
-1.000000
-1.000000
-1.000000
0.000000
-1.000000
-1.000000
-1.000000
-1.000000
-1.000000
-1.000000
-1.000000
-1.000000
-1.000000
-1.000000
-1.000000
-1.000000
-1.000000
-1.000000
-1.000000
0.000000
-1.000000
-1.000000
-1.000000
0.000000
-1.000000
-1.000000
-1.000000
0.000000
-1.000000
-1.000000
-1.000000
0.000000
-1.000000
-1.000000
-1.000000
0.000000
-1.000000
-1.000000
-1.000000
0.000000
-1.000000
-1.000000
-1.000000
0.000000
-1.000000
-1.000000
-1.000000
-1.000000
-1.000000
-1.000000
-1.000000
0.000000
0.000000
-1.000000
-1.000000
0.000000
-1.000000
-1.000000
-1.000000
0.000000
0.000000
-1.000000
-1.000000
0.000000
-1.000000
-1.000000
-1.000000
0.000000
-1.000000
-1.000000
-1.000000
-1.000000
-1.000000
-1.000000
-1.000000
0.000000
-1.000000
-1.000000
-1.000000
-1.000000
-1.000000
-1.000000
-1.000000
0.000000
0.000000
-1.000000
-1.000000
0.000000
-1.000000
-1.000000
-1.000000
0.000000
0.000000
-1.000000
-1.000000
0.000000
-1.000000
-1.000000
-1.000000
0.000425
0.000000
-1.000000
-1.000000
0.000000
-1.000000
-1.000000
-1.000000
0.000000
0.000000
-1.000000
-1.000000
0.000000
-1.000000
-1.000000
-1.000000
0.000269
0.000000
-1.000000
-1.000000
0.000000
-1.000000
-1.000000
-1.000000
0.000000
0.000000
-1.000000
-1.000000
0.000000
0.000000
-1.000000
-1.000000
0.000388
0.000000
-1.000000
-1.000000
0.000000
-1.000000
-1.000000
-1.000000
0.000000
0.000000
-1.000000
-1.000000
0.000000
0.000000
-1.000000
1.000000
0.000358
0.002211
0.034934
0.252475
0.000000
0.000000
-1.000000
-1.000000
0.000031
0.003173
0.098684
0.969072
0.000000
0.001779
0.222222
1.000000
0.000346
0.001310
0.064516
0.325472
0.000000
0.000000
-1.000000
-1.000000
0.000032
0.001054
0.107692
0.973684
0.000097
0.001517
0.235294
0.997555
0.000000
0.000001
0.000068
0.003246
0.000000
0.000000
0.000598
0.294118
0.000000
0.000005
0.000407
0.024621
0.000001
0.000017
0.001083
0.653501
0.000000
0.000000
-1.000000
-1.000000
0.000000
-1.000000
-1.000000
-1.000000
0.000000
0.000000
-1.000000
-1.000000
0.000000
0.000000
-1.000000
-1.000000
0.000002
0.000073
0.002260
0.082143
0.000000
0.000000
0.000000
-1.000000
0.000000
0.000027
0.004973
0.482072
0.000000
0.000196
0.021201
0.941704
0.000000
0.000000
0.000000
-1.000000
0.000000
0.004785
-1.000000
-1.000000
0.000000
0.000711
0.011765
-1.000000
0.000000
0.000000
-1.000000
-1.000000
0.000000
0.000010
0.000000
0.001646
0.000000
0.000069
0.001070
-1.000000
0.000001
0.000000
0.000000
0.018508
0.000000
0.000000
0.001362
-1.000000
0.000000
0.000000
-1.000000
-1.000000
0.000000
-1.000000
-1.000000
-1.000000
0.000000
0.000000
-1.000000
-1.000000
0.000000
-1.000000
-1.000000
-1.000000
0.000008
0.000116
0.000000
0.034483
0.000000
0.000000
-1.000000
-1.000000
0.000000
0.000000
0.000000
0.250000
0.000000
0.000000
0.000000
-1.000000
0.000000
0.000000
0.027027
-1.000000
0.000000
-1.000000
-1.000000
-1.000000
0.000000
0.000000
-1.000000
-1.000000
0.000000
0.000000
-1.000000
-1.000000
0.000006
0.000171
0.000826
0.007752
0.000000
0.000000
-1.000000
-1.000000
0.000000
0.000217
0.000000
0.051282
0.000000
0.000000
0.000000
-1.000000
0.000000
0.000000
-1.000000
-1.000000
0.000000
-1.000000
-1.000000
-1.000000
0.000000
-1.000000
-1.000000
-1.000000
0.000000
-1.000000
-1.000000
-1.000000
0.000151
0.002160
0.009174
-1.000000
0.000000
0.000000
-1.000000
-1.000000
0.000000
0.000000
0.015152
-1.000000
0.000000
0.000000
-1.000000
-1.000000
0.001043
0.012780
-1.000000
-1.000000
0.000000
-1.000000
-1.000000
-1.000000
0.000000
0.000000
-1.000000
-1.000000
0.000000
0.000000
-1.000000
-1.000000
0.000069
0.000998
0.019355
-1.000000
0.000000
0.000000
-1.000000
-1.000000
0.000000
0.000000
-1.000000
-1.000000
0.000000
0.000000
-1.000000
-1.000000
0.002256
0.025641
-1.000000
-1.000000
0.000000
-1.000000
-1.000000
-1.000000
0.000000
0.000000
-1.000000
-1.000000
0.000000
-1.000000
-1.000000
-1.000000
0.000402
0.008749
0.061224
0.641026
0.000000
0.014599
-1.000000
-1.000000
0.000000
0.000000
0.008000
0.890411
0.000107
0.000000
-1.000000
0.972603
0.002384
0.024011
-1.000000
0.736111
0.000000
0.000000
-1.000000
-1.000000
0.000087
0.000000
-1.000000
0.928571
0.000000
0.009804
-1.000000
1.000000
0.000000
0.000000
0.003030
-1.000000
0.000000
0.000000
0.000000
-1.000000
0.000000
0.000000
0.000000
-1.000000
0.000000
0.000000
0.000000
-1.000000
-1.000000
-1.000000
-1.000000
-1.000000
-1.000000
-1.000000
-1.000000
-1.000000
-1.000000
-1.000000
-1.000000
-1.000000
-1.000000
-1.000000
-1.000000
-1.000000
0.000000
0.000000
-1.000000
-1.000000
0.000000
-1.000000
-1.000000
-1.000000
0.000000
0.000000
-1.000000
-1.000000
0.000000
-1.000000
-1.000000
-1.000000
0.000000
-1.000000
-1.000000
-1.000000
-1.000000
-1.000000
-1.000000
-1.000000
0.000000
-1.000000
-1.000000
-1.000000
0.000000
-1.000000
-1.000000
-1.000000
0.000000
0.000000
-1.000000
-1.000000
0.000000
0.000000
-1.000000
-1.000000
0.000000
0.000000
-1.000000
-1.000000
0.000000
0.000000
-1.000000
-1.000000
-1.000000
-1.000000
-1.000000
-1.000000
-1.000000
-1.000000
-1.000000
-1.000000
-1.000000
-1.000000
-1.000000
-1.000000
-1.000000
-1.000000
-1.000000
-1.000000
0.000000
-1.000000
-1.000000
-1.000000
0.000000
-1.000000
-1.000000
-1.000000
0.000000
-1.000000
-1.000000
-1.000000
0.000000
-1.000000
-1.000000
-1.000000
0.000000
-1.000000
-1.000000
-1.000000
-1.000000
-1.000000
-1.000000
-1.000000
-1.000000
-1.000000
-1.000000
-1.000000
-1.000000
-1.000000
-1.000000
-1.000000
0.000000
-1.000000
-1.000000
-1.000000
0.000000
-1.000000
-1.000000
-1.000000
0.000000
-1.000000
-1.000000
-1.000000
0.000000
-1.000000
-1.000000
-1.000000
-1.000000
-1.000000
-1.000000
-1.000000
-1.000000
-1.000000
-1.000000
-1.000000
-1.000000
-1.000000
-1.000000
-1.000000
-1.000000
-1.000000
-1.000000
-1.000000
0.007194
-1.000000
-1.000000
-1.000000
-1.000000
-1.000000
-1.000000
-1.000000
0.000000
-1.000000
-1.000000
-1.000000
-1.000000
-1.000000
-1.000000
-1.000000
0.011905
-1.000000
-1.000000
-1.000000
-1.000000
-1.000000
-1.000000
-1.000000
0.000000
-1.000000
-1.000000
-1.000000
-1.000000
-1.000000
-1.000000
-1.000000
0.000000
-1.000000
-1.000000
-1.000000
-1.000000
-1.000000
-1.000000
-1.000000
-1.000000
-1.000000
-1.000000
-1.000000
-1.000000
-1.000000
-1.000000
-1.000000
-1.000000
-1.000000
-1.000000
-1.000000
-1.000000
-1.000000
-1.000000
-1.000000
-1.000000
-1.000000
-1.000000
-1.000000
-1.000000
-1.000000
-1.000000
-1.000000
0.004608
-1.000000
-1.000000
-1.000000
-1.000000
-1.000000
-1.000000
-1.000000
0.000000
-1.000000
-1.000000
-1.000000
0.000000
-1.000000
-1.000000
-1.000000
0.022099
-1.000000
-1.000000
-1.000000
-1.000000
-1.000000
-1.000000
-1.000000
0.000000
-1.000000
-1.000000
-1.000000
0.000000
-1.000000
-1.000000
-1.000000
0.000000
0.000000
-1.000000
-1.000000
0.000000
0.000000
-1.000000
-1.000000
0.000000
0.000000
-1.000000
-1.000000
0.000000
0.000000
-1.000000
-1.000000
-1.000000
-1.000000
-1.000000
-1.000000
-1.000000
-1.000000
-1.000000
-1.000000
-1.000000
-1.000000
-1.000000
-1.000000
-1.000000
-1.000000
-1.000000
-1.000000
0.000000
-1.000000
-1.000000
-1.000000
0.000000
-1.000000
-1.000000
-1.000000
0.000000
-1.000000
-1.000000
-1.000000
0.000000
0.000000
-1.000000
-1.000000
0.000000
-1.000000
-1.000000
-1.000000
-1.000000
-1.000000
-1.000000
-1.000000
0.000000
-1.000000
-1.000000
-1.000000
0.000000
-1.000000
-1.000000
-1.000000
0.000000
0.000000
0.000000
-1.000000
0.000000
0.000000
-1.000000
-1.000000
0.000000
0.000000
-1.000000
-1.000000
0.000000
0.000000
-1.000000
-1.000000
-1.000000
-1.000000
-1.000000
-1.000000
-1.000000
-1.000000
-1.000000
-1.000000
-1.000000
-1.000000
-1.000000
-1.000000
-1.000000
-1.000000
-1.000000
-1.000000
0.000000
-1.000000
-1.000000
-1.000000
-1.000000
-1.000000
-1.000000
-1.000000
0.000000
-1.000000
-1.000000
-1.000000
0.000000
-1.000000
-1.000000
-1.000000
0.000000
-1.000000
-1.000000
-1.000000
-1.000000
-1.000000
-1.000000
-1.000000
0.000000
-1.000000
-1.000000
-1.000000
0.000000
-1.000000
-1.000000
-1.000000
0.000255
0.000000
-1.000000
-1.000000
0.000000
-1.000000
-1.000000
-1.000000
0.000000
0.000000
-1.000000
-1.000000
0.000000
-1.000000
-1.000000
-1.000000
0.000000
-1.000000
-1.000000
-1.000000
0.000000
-1.000000
-1.000000
-1.000000
0.000000
-1.000000
-1.000000
-1.000000
0.000000
-1.000000
-1.000000
-1.000000
0.000841
0.052632
-1.000000
-1.000000
0.000000
-1.000000
-1.000000
-1.000000
0.000000
0.000000
-1.000000
-1.000000
0.000000
-1.000000
-1.000000
-1.000000
0.002198
0.012048
-1.000000
-1.000000
0.000000
-1.000000
-1.000000
-1.000000
0.000872
0.000000
-1.000000
-1.000000
0.000000
-1.000000
-1.000000
-1.000000
0.005867
0.041026
-1.000000
-1.000000
0.000000
-1.000000
-1.000000
-1.000000
0.000000
0.000000
-1.000000
0.984127
0.000000
0.014925
-1.000000
1.000000
0.004958
0.072115
-1.000000
0.730769
0.000000
-1.000000
-1.000000
-1.000000
0.000000
0.005291
-1.000000
0.939024
0.001274
0.000000
-1.000000
1.000000
0.008319
0.088353
0.487500
0.854015
0.000000
0.008000
-1.000000
0.990991
0.000210
0.004792
0.228814
0.969278
0.000000
0.010381
0.267857
0.998418
0.008207
0.075965
0.439815
0.840909
0.000000
0.009091
-1.000000
1.000000
0.000124
0.007869
0.206897
0.974719
0.000000
0.018519
0.517241
1.000000
-1.000000
-1.000000
-1.000000
-1.000000
-1.000000
-1.000000
-1.000000
-1.000000
-1.000000
-1.000000
-1.000000
-1.000000
-1.000000
-1.000000
-1.000000
-1.000000
-1.000000
-1.000000
-1.000000
-1.000000
-1.000000
-1.000000
-1.000000
-1.000000
-1.000000
-1.000000
-1.000000
-1.000000
-1.000000
-1.000000
-1.000000
-1.000000
-1.000000
-1.000000
-1.000000
-1.000000
-1.000000
-1.000000
-1.000000
-1.000000
-1.000000
-1.000000
-1.000000
-1.000000
-1.000000
-1.000000
-1.000000
-1.000000
-1.000000
-1.000000
-1.000000
-1.000000
-1.000000
-1.000000
-1.000000
-1.000000
-1.000000
-1.000000
-1.000000
-1.000000
-1.000000
-1.000000
-1.000000
-1.000000
-1.000000
-1.000000
-1.000000
-1.000000
-1.000000
-1.000000
-1.000000
-1.000000
-1.000000
-1.000000
-1.000000
-1.000000
-1.000000
-1.000000
-1.000000
-1.000000
-1.000000
-1.000000
-1.000000
-1.000000
-1.000000
-1.000000
-1.000000
-1.000000
-1.000000
-1.000000
-1.000000
-1.000000
-1.000000
-1.000000
-1.000000
-1.000000
-1.000000
-1.000000
-1.000000
-1.000000
-1.000000
-1.000000
-1.000000
-1.000000
-1.000000
-1.000000
-1.000000
-1.000000
-1.000000
-1.000000
-1.000000
-1.000000
-1.000000
-1.000000
-1.000000
-1.000000
-1.000000
-1.000000
-1.000000
-1.000000
-1.000000
-1.000000
-1.000000
-1.000000
-1.000000
-1.000000
-1.000000
-1.000000
-1.000000
-1.000000
-1.000000
-1.000000
-1.000000
-1.000000
-1.000000
-1.000000
-1.000000
-1.000000
-1.000000
-1.000000
-1.000000
-1.000000
-1.000000
-1.000000
-1.000000
-1.000000
-1.000000
-1.000000
-1.000000
-1.000000
-1.000000
-1.000000
-1.000000
-1.000000
-1.000000
-1.000000
-1.000000
-1.000000
-1.000000
-1.000000
0.000000
-1.000000
-1.000000
-1.000000
-1.000000
-1.000000
-1.000000
-1.000000
0.000000
-1.000000
-1.000000
-1.000000
-1.000000
-1.000000
-1.000000
-1.000000
0.015385
-1.000000
-1.000000
-1.000000
-1.000000
-1.000000
-1.000000
-1.000000
0.000000
-1.000000
-1.000000
-1.000000
-1.000000
-1.000000
-1.000000
-1.000000
0.008969
-1.000000
-1.000000
-1.000000
-1.000000
-1.000000
-1.000000
-1.000000
0.000000
-1.000000
-1.000000
-1.000000
0.000000
-1.000000
-1.000000
-1.000000
0.007843
-1.000000
-1.000000
-1.000000
-1.000000
-1.000000
-1.000000
-1.000000
0.000000
-1.000000
-1.000000
-1.000000
0.000000
-1.000000
-1.000000
-1.000000
0.009202
0.084211
-1.000000
-1.000000
0.000000
-1.000000
-1.000000
-1.000000
0.000000
0.033898
-1.000000
0.992908
0.000000
-1.000000
-1.000000
1.000000
0.009538
0.127451
-1.000000
0.857143
0.000000
-1.000000
-1.000000
-1.000000
0.000000
0.020833
-1.000000
1.000000
0.000000
0.000000
-1.000000
1.000000
0.000000
0.000010
0.000437
0.021848
0.000000
0.000012
0.000452
0.424561
0.000000
0.000005
0.000339
0.101195
0.000000
0.000006
0.000508
0.518258
0.000000
0.000000
0.033333
-1.000000
0.000000
0.000000
-1.000000
-1.000000
0.000000
0.000000
0.017241
-1.000000
0.000000
0.000000
-1.000000
-1.000000
0.000002
0.000175
0.010882
0.253125
0.000000
0.000110
0.020522
0.951613
0.000001
0.000144
0.004825
0.685771
0.000000
0.000142
0.007501
0.961315
0.000016
0.000248
0.029304
0.375000
0.000000
0.000000
-1.000000
-1.000000
0.000014
0.000652
0.019868
0.770000
0.000000
0.001530
0.048193
0.989130
0.000000
0.000009
0.000313
0.012214
0.000000
0.000027
0.000452
0.392857
0.000000
0.000000
0.000251
0.067633
0.000000
0.000000
0.000440
0.500000
0.000000
0.000000
-1.000000
-1.000000
0.000000
-1.000000
-1.000000
-1.000000
0.000000
0.000000
-1.000000
-1.000000
0.000000
0.000000
-1.000000
-1.000000
0.000000
0.000000
0.004734
0.126761
0.000103
0.000000
0.000000
-1.000000
0.000000
0.000109
0.005405
0.521978
0.000000
0.000000
0.008658
0.964912
0.000000
0.000930
0.038961
-1.000000
0.000000
0.000000
-1.000000
-1.000000
0.000000
0.000000
0.021277
-1.000000
0.000000
0.007605
-1.000000
-1.000000
0.000000
0.000055
0.000858
0.030303
0.000000
0.000000
0.000000
-1.000000
0.000000
0.000000
0.000898
0.260274
0.000000
0.000000
0.003922
-1.000000
0.000000
0.000000
-1.000000
-1.000000
0.000000
-1.000000
-1.000000
-1.000000
0.000000
0.000000
-1.000000
-1.000000
0.000000
-1.000000
-1.000000
-1.000000
0.000172
0.000872
0.040698
-1.000000
0.000000
0.000000
-1.000000
-1.000000
0.000000
0.000335
0.014286
0.691176
0.000000
0.000000
-1.000000
-1.000000
0.000491
0.007168
-1.000000
-1.000000
0.000000
0.000000
-1.000000
-1.000000
0.000000
0.000000
0.057692
-1.000000
0.000000
0.000000
-1.000000
-1.000000
0.000077
0.000595
0.020408
-1.000000
0.000000
0.000000
-1.000000
-1.000000
0.000000
0.000000
0.015385
-1.000000
0.000000
0.000000
-1.000000
-1.000000
0.000000
0.015038
-1.000000
-1.000000
0.000000
-1.000000
-1.000000
-1.000000
0.000000
0.000000
-1.000000
-1.000000
0.000000
0.000000
-1.000000
-1.000000
0.000190
0.004209
0.078740
0.732673
0.000000
0.000000
-1.000000
-1.000000
0.000017
0.000387
0.020992
0.912621
0.000000
0.000647
0.009174
0.986486
0.001423
0.014241
0.229508
0.756757
0.000000
0.015504
-1.000000
-1.000000
0.000000
0.002110
0.040936
0.960159
0.000000
0.006410
-1.000000
1.000000
0.000000
0.000000
0.000000
0.092593
0.000000
0.000000
0.009259
-1.000000
0.000000
0.000000
0.001157
-1.000000
0.000000
0.000000
0.000000
-1.000000
0.000000
-1.000000
-1.000000
-1.000000
-1.000000
-1.000000
-1.000000
-1.000000
0.000000
-1.000000
-1.000000
-1.000000
-1.000000
-1.000000
-1.000000
-1.000000
0.000000
0.000000
-1.000000
-1.000000
0.000000
-1.000000
-1.000000
-1.000000
0.000000
0.000000
-1.000000
-1.000000
0.000000
0.000000
-1.000000
-1.000000
0.000000
-1.000000
-1.000000
-1.000000
0.000000
-1.000000
-1.000000
-1.000000
0.000000
-1.000000
-1.000000
-1.000000
0.000000
-1.000000
-1.000000
-1.000000
0.000000
0.000000
0.000000
-1.000000
0.000000
0.000000
-1.000000
-1.000000
0.000000
0.000000
0.000000
-1.000000
0.000000
0.000000
-1.000000
-1.000000
-1.000000
-1.000000
-1.000000
-1.000000
-1.000000
-1.000000
-1.000000
-1.000000
-1.000000
-1.000000
-1.000000
-1.000000
-1.000000
-1.000000
-1.000000
-1.000000
0.000000
0.000000
-1.000000
-1.000000
0.000000
-1.000000
-1.000000
-1.000000
0.000000
0.000000
-1.000000
-1.000000
0.000000
-1.000000
-1.000000
-1.000000
0.010309
-1.000000
-1.000000
-1.000000
-1.000000
-1.000000
-1.000000
-1.000000
0.000000
-1.000000
-1.000000
-1.000000
-1.000000
-1.000000
-1.000000
-1.000000
0.000000
-1.000000
-1.000000
-1.000000
0.000000
-1.000000
-1.000000
-1.000000
0.000000
0.000000
-1.000000
-1.000000
0.000000
-1.000000
-1.000000
-1.000000
-1.000000
-1.000000
-1.000000
-1.000000
-1.000000
-1.000000
-1.000000
-1.000000
0.000000
-1.000000
-1.000000
-1.000000
-1.000000
-1.000000
-1.000000
-1.000000
0.000000
-1.000000
-1.000000
-1.000000
-1.000000
-1.000000
-1.000000
-1.000000
0.000000
-1.000000
-1.000000
-1.000000
0.000000
-1.000000
-1.000000
-1.000000
0.000000
-1.000000
-1.000000
-1.000000
-1.000000
-1.000000
-1.000000
-1.000000
0.000000
-1.000000
-1.000000
-1.000000
0.000000
-1.000000
-1.000000
-1.000000
0.000000
-1.000000
-1.000000
-1.000000
-1.000000
-1.000000
-1.000000
-1.000000
0.000000
-1.000000
-1.000000
-1.000000
-1.000000
-1.000000
-1.000000
-1.000000
0.000000
-1.000000
-1.000000
-1.000000
-1.000000
-1.000000
-1.000000
-1.000000
0.000000
-1.000000
-1.000000
-1.000000
-1.000000
-1.000000
-1.000000
-1.000000
0.005115
-1.000000
-1.000000
-1.000000
-1.000000
-1.000000
-1.000000
-1.000000
0.000000
-1.000000
-1.000000
-1.000000
0.000000
-1.000000
-1.000000
-1.000000
0.013514
-1.000000
-1.000000
-1.000000
-1.000000
-1.000000
-1.000000
-1.000000
0.000000
-1.000000
-1.000000
-1.000000
0.000000
-1.000000
-1.000000
-1.000000
0.000000
0.000000
0.000000
-1.000000
0.000000
0.000000
-1.000000
-1.000000
0.000000
0.000000
0.000000
-1.000000
0.000000
0.000000
-1.000000
-1.000000
-1.000000
-1.000000
-1.000000
-1.000000
-1.000000
-1.000000
-1.000000
-1.000000
-1.000000
-1.000000
-1.000000
-1.000000
0.000000
-1.000000
-1.000000
-1.000000
0.000000
-1.000000
-1.000000
-1.000000
0.000000
-1.000000
-1.000000
-1.000000
0.000000
-1.000000
-1.000000
-1.000000
0.000000
0.000000
-1.000000
-1.000000
0.000000
-1.000000
-1.000000
-1.000000
-1.000000
-1.000000
-1.000000
-1.000000
0.000000
-1.000000
-1.000000
-1.000000
0.000000
-1.000000
-1.000000
-1.000000
0.000000
0.000000
0.000000
-1.000000
0.000000
0.000000
-1.000000
-1.000000
0.000000
0.000000
0.000000
-1.000000
0.000000
0.000000
-1.000000
-1.000000
0.000000
-1.000000
-1.000000
-1.000000
-1.000000
-1.000000
-1.000000
-1.000000
0.000000
-1.000000
-1.000000
-1.000000
-1.000000
-1.000000
-1.000000
-1.000000
0.000000
0.000000
-1.000000
-1.000000
0.000000
-1.000000
-1.000000
-1.000000
0.000000
0.000000
-1.000000
-1.000000
0.000000
-1.000000
-1.000000
-1.000000
0.000000
-1.000000
-1.000000
-1.000000
-1.000000
-1.000000
-1.000000
-1.000000
0.000000
-1.000000
-1.000000
-1.000000
0.000000
-1.000000
-1.000000
-1.000000
0.000181
0.000000
-1.000000
-1.000000
0.000000
-1.000000
-1.000000
-1.000000
0.000000
0.000000
-1.000000
-1.000000
0.000000
0.000000
-1.000000
-1.000000
0.002660
-1.000000
-1.000000
-1.000000
0.000000
-1.000000
-1.000000
-1.000000
0.000000
-1.000000
-1.000000
-1.000000
0.000000
-1.000000
-1.000000
-1.000000
0.000000
0.008403
-1.000000
-1.000000
0.000000
-1.000000
-1.000000
-1.000000
0.000000
0.000000
-1.000000
-1.000000
0.000000
0.013158
-1.000000
-1.000000
0.002092
0.000000
-1.000000
-1.000000
0.000000
-1.000000
-1.000000
-1.000000
0.000000
0.010582
-1.000000
-1.000000
0.000000
0.000000
-1.000000
-1.000000
0.004487
0.038095
-1.000000
0.825581
0.000000
0.052632
-1.000000
-1.000000
0.000294
0.002242
-1.000000
0.989529
0.000000
0.016807
-1.000000
1.000000
0.002578
0.044271
-1.000000
0.898990
0.000000
-1.000000
-1.000000
-1.000000
0.000267
0.006303
-1.000000
0.961538
0.000000
0.009174
-1.000000
1.000000
0.004325
0.050570
0.472973
0.845417
0.000317
0.028926
-1.000000
0.993127
0.000129
0.010635
0.281065
0.977837
0.000000
0.003581
0.347107
0.998277
0.004758
0.065904
0.572271
0.863436
0.000000
0.022901
-1.000000
0.997222
0.000078
0.008893
0.310256
0.980066
0.000134
0.009141
0.379310
0.996925
-1.000000
-1.000000
-1.000000
-1.000000
-1.000000
-1.000000
-1.000000
-1.000000
0.000000
-1.000000
-1.000000
-1.000000
-1.000000
-1.000000
-1.000000
-1.000000
-1.000000
-1.000000
-1.000000
-1.000000
-1.000000
-1.000000
-1.000000
-1.000000
-1.000000
-1.000000
-1.000000
-1.000000
-1.000000
-1.000000
-1.000000
-1.000000
-1.000000
-1.000000
-1.000000
-1.000000
-1.000000
-1.000000
-1.000000
-1.000000
-1.000000
-1.000000
-1.000000
-1.000000
-1.000000
-1.000000
-1.000000
-1.000000
-1.000000
-1.000000
-1.000000
-1.000000
-1.000000
-1.000000
-1.000000
-1.000000
-1.000000
-1.000000
-1.000000
-1.000000
-1.000000
-1.000000
-1.000000
-1.000000
0.000000
-1.000000
-1.000000
-1.000000
-1.000000
-1.000000
-1.000000
-1.000000
0.000000
-1.000000
-1.000000
-1.000000
-1.000000
-1.000000
-1.000000
-1.000000
-1.000000
-1.000000
-1.000000
-1.000000
-1.000000
-1.000000
-1.000000
-1.000000
-1.000000
-1.000000
-1.000000
-1.000000
-1.000000
-1.000000
-1.000000
-1.000000
-1.000000
-1.000000
-1.000000
-1.000000
-1.000000
-1.000000
-1.000000
-1.000000
-1.000000
-1.000000
-1.000000
-1.000000
-1.000000
-1.000000
-1.000000
-1.000000
-1.000000
-1.000000
-1.000000
-1.000000
-1.000000
-1.000000
-1.000000
-1.000000
-1.000000
-1.000000
-1.000000
-1.000000
-1.000000
-1.000000
-1.000000
-1.000000
-1.000000
-1.000000
-1.000000
-1.000000
-1.000000
-1.000000
-1.000000
-1.000000
-1.000000
-1.000000
-1.000000
-1.000000
-1.000000
-1.000000
-1.000000
-1.000000
-1.000000
-1.000000
-1.000000
-1.000000
-1.000000
-1.000000
-1.000000
-1.000000
-1.000000
-1.000000
-1.000000
-1.000000
-1.000000
-1.000000
-1.000000
-1.000000
0.000000
-1.000000
-1.000000
-1.000000
-1.000000
-1.000000
-1.000000
-1.000000
0.000000
-1.000000
-1.000000
-1.000000
0.000000
-1.000000
-1.000000
-1.000000
0.000000
-1.000000
-1.000000
-1.000000
-1.000000
-1.000000
-1.000000
-1.000000
0.000000
-1.000000
-1.000000
-1.000000
0.000000
-1.000000
-1.000000
-1.000000
0.008547
0.018182
-1.000000
-1.000000
-1.000000
-1.000000
-1.000000
-1.000000
0.000000
-1.000000
-1.000000
-1.000000
0.000000
-1.000000
-1.000000
-1.000000
0.004219
-1.000000
-1.000000
-1.000000
-1.000000
-1.000000
-1.000000
-1.000000
0.000000
-1.000000
-1.000000
-1.000000
0.000000
-1.000000
-1.000000
-1.000000
0.014098
0.078652
-1.000000
0.941176
0.000000
-1.000000
-1.000000
1.000000
0.000235
0.034483
-1.000000
0.993976
0.000000
0.029126
-1.000000
1.000000
0.009009
0.093264
0.703125
0.951807
0.000000
-1.000000
-1.000000
1.000000
0.000000
0.028881
-1.000000
0.987469
0.000000
0.030928
-1.000000
1.000000
0.000000
0.000048
0.000871
0.014730
0.000000
0.000034
0.003817
0.791639
0.000000
0.000042
0.001977
0.107605
0.000000
0.000029
0.003870
0.873661
0.000167
0.001062
0.017391
-1.000000
0.000000
0.007634
-1.000000
-1.000000
0.000000
0.002174
0.064935
0.792453
0.000000
0.002717
-1.000000
0.990000
0.000015
0.001190
0.023844
0.277205
0.000000
0.000576
0.071283
0.975395
0.000002
0.000460
0.024517
0.777918
0.000002
0.000596
0.045647
0.987151
0.000033
0.002043
0.071540
0.428058
0.000000
0.003704
-1.000000
0.985185
0.000000
0.000937
0.089776
0.827684
0.000030
0.002978
0.129630
0.993174
0.000001
0.000050
0.000654
0.011398
0.000002
0.000060
0.003623
0.759690
0.000000
0.000026
0.001850
0.081415
0.000000
0.000053
0.002967
0.820388
0.000000
0.000000
-1.000000
-1.000000
0.000000
-1.000000
-1.000000
-1.000000
0.000000
0.000000
-1.000000
-1.000000
0.000000
0.000000
-1.000000
-1.000000
0.000010
0.000778
0.011302
0.162252
0.000098
0.001850
0.012346
0.987013
0.000000
0.000227
0.023537
0.606211
0.000000
0.000166
0.018605
0.976378
0.000000
0.000845
0.046243
0.301205
0.000000
0.000000
-1.000000
-1.000000
0.000000
0.000665
0.050420
0.761194
0.000000
0.000000
-1.000000
0.946237
0.000022
0.000364
0.001147
0.019937
0.000000
0.000000
0.000000
-1.000000
0.000000
0.000108
0.005216
0.227099
0.000000
0.000214
0.000000
0.940299
0.000604
0.023622
-1.000000
-1.000000
0.000000
-1.000000
-1.000000
-1.000000
0.000000
0.004854
-1.000000
-1.000000
0.000000
0.000000
-1.000000
-1.000000
0.000677
0.007764
0.063830
0.423529
0.000000
0.010601
-1.000000
-1.000000
0.000000
0.000241
0.062670
0.731343
0.000056
0.002461
0.077778
0.989744
0.002372
0.019006
0.177570
0.652174
0.000000
0.047619
-1.000000
-1.000000
0.000000
0.009174
0.138614
0.854430
0.000000
0.005831
-1.000000
0.993197
0.000755
0.008343
0.035990
0.236641
0.000000
0.000000
-1.000000
-1.000000
0.000029
0.000894
0.061798
0.511811
0.000000
0.001681
-1.000000
0.986667
0.004996
0.066667
-1.000000
-1.000000
0.000000
-1.000000
-1.000000
-1.000000
0.000185
0.000000
-1.000000
0.947917
0.000000
0.000000
-1.000000
0.987013
0.001960
0.029663
0.295918
0.769231
0.000000
0.011527
-1.000000
0.989362
0.000050
0.003335
0.113597
0.928571
0.000036
0.004639
0.136054
0.998165
0.005971
0.070208
0.449057
0.805233
0.000000
0.017964
-1.000000
0.990000
0.000103
0.009883
0.237931
0.964602
0.000081
0.015524
0.337209
0.991243
0.000009
0.000110
0.003488
0.063584
0.000000
0.000000
0.009346
-1.000000
0.000000
0.000000
0.002116
0.267857
0.000000
0.000000
0.000000
-1.000000
0.000000
-1.000000
-1.000000
-1.000000
-1.000000
-1.000000
-1.000000
-1.000000
0.000000
-1.000000
-1.000000
-1.000000
0.000000
-1.000000
-1.000000
-1.000000
0.000000
0.003571
-1.000000
-1.000000
0.000000
-1.000000
-1.000000
-1.000000
0.000000
0.000000
-1.000000
-1.000000
0.000000
0.000000
-1.000000
-1.000000
0.002375
-1.000000
-1.000000
-1.000000
0.000000
-1.000000
-1.000000
-1.000000
0.000000
0.000000
-1.000000
-1.000000
0.000000
-1.000000
-1.000000
-1.000000
0.000000
0.000000
0.000000
-1.000000
0.000000
0.000000
-1.000000
-1.000000
0.000000
0.000000
0.008696
-1.000000
0.000000
0.000000
-1.000000
-1.000000
-1.000000
-1.000000
-1.000000
-1.000000
-1.000000
-1.000000
-1.000000
-1.000000
-1.000000
-1.000000
-1.000000
-1.000000
-1.000000
-1.000000
-1.000000
-1.000000
0.000000
0.015385
-1.000000
-1.000000
0.000000
-1.000000
-1.000000
-1.000000
0.000000
0.000000
-1.000000
-1.000000
0.000000
0.000000
-1.000000
-1.000000
0.000000
-1.000000
-1.000000
-1.000000
-1.000000
-1.000000
-1.000000
-1.000000
0.000000
-1.000000
-1.000000
-1.000000
0.000000
-1.000000
-1.000000
-1.000000
0.001264
0.000000
-1.000000
-1.000000
0.000000
-1.000000
-1.000000
-1.000000
0.000000
0.000000
-1.000000
-1.000000
0.000000
-1.000000
-1.000000
-1.000000
-1.000000
-1.000000
-1.000000
-1.000000
-1.000000
-1.000000
-1.000000
-1.000000
0.000000
-1.000000
-1.000000
-1.000000
-1.000000
-1.000000
-1.000000
-1.000000
0.005464
-1.000000
-1.000000
-1.000000
0.000000
-1.000000
-1.000000
-1.000000
0.001163
0.014706
-1.000000
-1.000000
0.000000
-1.000000
-1.000000
-1.000000
0.004587
-1.000000
-1.000000
-1.000000
-1.000000
-1.000000
-1.000000
-1.000000
0.000000
-1.000000
-1.000000
-1.000000
0.000000
-1.000000
-1.000000
-1.000000
0.012195
-1.000000
-1.000000
-1.000000
-1.000000
-1.000000
-1.000000
-1.000000
0.000000
-1.000000
-1.000000
-1.000000
0.006757
-1.000000
-1.000000
-1.000000
0.027778
-1.000000
-1.000000
-1.000000
-1.000000
-1.000000
-1.000000
-1.000000
0.000000
-1.000000
-1.000000
-1.000000
0.000000
-1.000000
-1.000000
-1.000000
0.025818
0.147541
-1.000000
-1.000000
0.000000
-1.000000
-1.000000
-1.000000
0.000000
0.033898
-1.000000
0.974359
0.000000
-1.000000
-1.000000
1.000000
0.032872
0.274510
-1.000000
-1.000000
0.000000
-1.000000
-1.000000
-1.000000
0.001233
0.016949
-1.000000
0.979798
0.000000
0.046154
-1.000000
1.000000
0.000000
0.000000
0.000000
-1.000000
0.000000
0.000000
-1.000000
-1.000000
0.000000
0.000000
0.000000
-1.000000
0.000000
0.000000
-1.000000
-1.000000
-1.000000
-1.000000
-1.000000
-1.000000
-1.000000
-1.000000
-1.000000
-1.000000
-1.000000
-1.000000
-1.000000
-1.000000
0.000000
-1.000000
-1.000000
-1.000000
0.000000
-1.000000
-1.000000
-1.000000
0.000000
-1.000000
-1.000000
-1.000000
0.000000
0.000000
-1.000000
-1.000000
0.000000
0.000000
-1.000000
-1.000000
0.000000
-1.000000
-1.000000
-1.000000
0.000000
-1.000000
-1.000000
-1.000000
0.000000
-1.000000
-1.000000
-1.000000
0.000000
0.000000
-1.000000
-1.000000
0.000000
0.000000
0.000000
0.000000
0.000000
0.000000
-1.000000
-1.000000
0.000000
0.000000
0.000000
-1.000000
0.000000
0.000000
-1.000000
-1.000000
0.000000
-1.000000
-1.000000
-1.000000
-1.000000
-1.000000
-1.000000
-1.000000
0.000000
-1.000000
-1.000000
-1.000000
-1.000000
-1.000000
-1.000000
-1.000000
0.000000
0.009615
-1.000000
-1.000000
0.000000
-1.000000
-1.000000
-1.000000
0.000000
0.000000
-1.000000
-1.000000
0.000000
0.000000
-1.000000
-1.000000
0.000000
-1.000000
-1.000000
-1.000000
0.000000
-1.000000
-1.000000
-1.000000
0.000000
0.000000
-1.000000
-1.000000
0.000000
-1.000000
-1.000000
-1.000000
0.000206
0.005155
0.098592
-1.000000
0.000000
-1.000000
-1.000000
-1.000000
0.000000
0.004082
-1.000000
-1.000000
0.000000
0.000000
-1.000000
-1.000000
0.001686
-1.000000
-1.000000
-1.000000
0.000000
-1.000000
-1.000000
-1.000000
0.000000
0.012195
-1.000000
-1.000000
0.000000
-1.000000
-1.000000
-1.000000
0.003754
0.032407
-1.000000
-1.000000
0.000000
0.037736
-1.000000
-1.000000
0.000000
0.002463
-1.000000
0.968085
0.000000
0.005076
-1.000000
1.000000
0.003523
0.079208
-1.000000
-1.000000
0.000000
-1.000000
-1.000000
-1.000000
0.000000
0.007481
-1.000000
0.918919
0.000000
0.023622
-1.000000
0.989247
0.016897
0.173653
0.653333
0.847107
0.000917
0.023810
-1.000000
1.000000
0.000214
0.027957
0.411765
0.936479
0.000365
0.015831
0.457627
1.000000
0.020580
0.200698
0.729730
0.912351
0.000000
0.034884
-1.000000
0.989691
0.000307
0.023787
0.447761
0.956897
0.000376
0.017857
0.438356
0.994764
0.020632
0.186554
0.723810
0.870582
0.000298
0.050096
0.606061
0.998696
0.000231
0.017120
0.422285
0.959641
0.000185
0.014020
0.469428
0.996551
0.020148
0.196106
0.718135
0.888797
0.000573
0.046595
0.640351
0.995609
0.000206
0.019581
0.429567
0.954378
0.000162
0.020904
0.468208
0.995876
0.000000
-1.000000
-1.000000
-1.000000
-1.000000
-1.000000
-1.000000
-1.000000
0.000000
-1.000000
-1.000000
-1.000000
-1.000000
-1.000000
-1.000000
-1.000000
-1.000000
-1.000000
-1.000000
-1.000000
-1.000000
-1.000000
-1.000000
-1.000000
-1.000000
-1.000000
-1.000000
-1.000000
-1.000000
-1.000000
-1.000000
-1.000000
-1.000000
-1.000000
-1.000000
-1.000000
-1.000000
-1.000000
-1.000000
-1.000000
-1.000000
-1.000000
-1.000000
-1.000000
-1.000000
-1.000000
-1.000000
-1.000000
-1.000000
-1.000000
-1.000000
-1.000000
-1.000000
-1.000000
-1.000000
-1.000000
-1.000000
-1.000000
-1.000000
-1.000000
-1.000000
-1.000000
-1.000000
-1.000000
0.000000
-1.000000
-1.000000
-1.000000
-1.000000
-1.000000
-1.000000
-1.000000
0.000000
-1.000000
-1.000000
-1.000000
-1.000000
-1.000000
-1.000000
-1.000000
-1.000000
-1.000000
-1.000000
-1.000000
-1.000000
-1.000000
-1.000000
-1.000000
-1.000000
-1.000000
-1.000000
-1.000000
-1.000000
-1.000000
-1.000000
-1.000000
-1.000000
-1.000000
-1.000000
-1.000000
-1.000000
-1.000000
-1.000000
-1.000000
0.000000
-1.000000
-1.000000
-1.000000
-1.000000
-1.000000
-1.000000
-1.000000
-1.000000
-1.000000
-1.000000
-1.000000
-1.000000
-1.000000
-1.000000
-1.000000
0.000000
-1.000000
-1.000000
-1.000000
-1.000000
-1.000000
-1.000000
-1.000000
0.017544
-1.000000
-1.000000
-1.000000
-1.000000
-1.000000
-1.000000
-1.000000
0.000000
-1.000000
-1.000000
-1.000000
-1.000000
-1.000000
-1.000000
-1.000000
-1.000000
-1.000000
-1.000000
-1.000000
-1.000000
-1.000000
-1.000000
-1.000000
0.000000
-1.000000
-1.000000
-1.000000
-1.000000
-1.000000
-1.000000
-1.000000
0.003521
-1.000000
-1.000000
-1.000000
0.000000
-1.000000
-1.000000
-1.000000
0.000000
0.000000
-1.000000
-1.000000
0.000000
-1.000000
-1.000000
-1.000000
0.000000
-1.000000
-1.000000
-1.000000
0.000000
-1.000000
-1.000000
-1.000000
0.000000
-1.000000
-1.000000
-1.000000
0.000000
-1.000000
-1.000000
-1.000000
0.011527
0.210526
-1.000000
-1.000000
0.000000
-1.000000
-1.000000
-1.000000
0.000000
0.042017
-1.000000
0.983607
0.000000
0.035714
-1.000000
1.000000
0.027132
0.136986
-1.000000
-1.000000
0.000000
-1.000000
-1.000000
-1.000000
0.000552
0.025000
-1.000000
0.974359
0.000000
0.028986
-1.000000
1.000000
0.026316
0.219298
0.843023
0.940994
0.000000
0.083333
-1.000000
1.000000
0.000361
0.033730
0.662921
0.991011
0.000364
0.038147
0.625000
1.000000
0.028039
0.268750
0.792271
0.891304
0.001062
0.125000
-1.000000
0.994286
0.000812
0.040839
0.655814
0.987678
0.000345
0.052381
0.540816
0.999107
